1111111111111111111111111
1
111111111104011111111111
01
11111111100011111011111
011
1111011100010000000000
0111
111011100010001110000
0000000000100000001110000
011111
1000100010000000000
0111111000100011111111111
0000000000000000000000001
111111111
1100011111111111
1111110000000011111111111
00000000000
00000001111111
1111111111100000001111111
1111111110100010000000000
11111111101000
10011111111
111111000010001
0011111111
1111110000100010000000000
11111100001000100
11111111
111111000010001001
1111111
1111110000000010011
11111

1